function mpc =case118_cost_R_D_r
%% %%%%%%%%%%%%%%%%%%%%%%%%%%%%%%%%%%%%%%%%%%%%%%%%%%%%%%%%%%%%%%%%%%%%%%%%%%%%%%%%%%%%%%%%%%%%%%%
% Scenario with dispatchable generation and allowing shunt compensation in the load nodes
%% %%%%%%%%%%%%%%%%%%%%%%%%%%%%%%%%%%%%%%%%%%%%%%%%%%%%%%%%%%%%%%%%%%%%%%%%%%%%%%%%%%%%%%%%%%%%%%%


%CASE118    Power flow data for IEEE 118 bus test case.
%   Please see CASEFORMAT for details on the case file format.
%   This data was converted from IEEE Common Data Format
%   (ieee118cdf.txt) on 15-Oct-2014 by cdf2matp, rev. 2393
%   See end of file for warnings generated during conversion.
%
%   Converted from IEEE CDF file from:
%       http://www.ee.washington.edu/research/pstca/
%   With baseKV data take from the PSAP format file from the same site,
%   added manually on 10-Mar-2006.
% 
%   08/25/93 UW ARCHIVE           100.0  1961 W IEEE 118 Bus Test Case

%   MATPOWER
%   $Id: case118.m 2394 2014-10-15 20:39:39Z ray $

%% MATPOWER Case Format : Version 2
mpc.version = '2';

%%-----  Power Flow Data  -----%%
%% system MVA base
mpc.baseMVA = 100;

%% bus data
%  bus_i type Pd      Qd   Gs  Bs area	    Vm	        Va     baseKV	   zone	    Vmax	Vmi
mpc.bus= [
	1	1	  87	  46	 0	0	1	   0.95661	 -10.613	 138	    1	    1.05	0.95;
	2	1	  34	  15	 0	0	1	   0.97187	 -9.492	     138	    1	    1.05	0.95;
	3	1	  67	  17	 0	0	1	   0.96838	 -9.954	     138	    1	    1.05	0.95;
	4	2	  51	  20	 0	0	1	   0.998	 -7.46	     138	    1	    1.05	0.95;
	5	1	  0	      0	     0	0	1	   1.0127	 -7.084	     138	    1	    1.05	0.95;
    6	2	  89	  38	 0	0	1	   0.99	     -8.363	     138	    1	    1.05	0.95;
	7	1	  32	  3	     0	0	1	   0.98922	 -8.431      138	    1	    1.05	0.95;
	8	2	  0	      0	     0	0	1	   1.015	 -3.846	     345	    1	    1.05	0.95;  
	9	1	  0	      0	     0	0	1	   1.04908	  0.03	     345	    1	    1.05	0.95;
	10	2	  0	      0	     0	0	1	   1.05	      4.161      345	    1	    1.05	0.95;
	11	1	  119	  39	 0	0	1	   0.98534	 -8.461	     138	    1	    1.05	0.95;
	12	2	  80	  17	 0	0	1	   0.99	     -8.17	     138	    1	    1.05	0.95;
	13	1	  58	  27	 0	0	1	   0.9685	 -9.379	     138	    1	    1.05	0.95;
	14	1	  24	  2	     0	0	1	   0.98362	 -8.574	     138	    1	    1.05	0.95;
	15	2	  154	  51	 0	0	1	   0.97	     -7.991	     138	    1	    1.05	0.95;
	16	1	  43	  17	 0	0	1	   0.98353	 -8.223	     138	    1	    1.05	0.95;
	17	1	  19	  5	     0	0	1	   0.99422	 -5.88	     138	    1	    1.05	0.95;
	18	2	  102	  58	 0	0	1	   0.973	 -6.782	     138	    1	    1.05	0.95;
	19	2	  77	  58	 0	0	1	   0.96522	 -7.809	     138	    1	    1.05	0.95;
	20	1	  31	  5	     0	0	1	   0.96208	 -8.157      138	    1	    1.05	0.95;
	21	1	  24	  14	 0	0	1	   0.96385	 -7.473	     138	    1	    1.05	0.95;
	22	1	  17	  9	     0	0	1	   0.97522	 -5.948	     138	    1	    1.05	0.95;
	23	1	  12	  5      0	0	1	   1.00268	 -2.651   	 138	    1	    1.05	0.95;
	24	2	  0       0 	 0	0	1	   0.992	 -3.982	     138	    1	    1.05	0.95;
	25	2	  0	      0	     0	0	1	   1.05	      3.201	     138	    1	    1.05	0.95;
	26	2	  0	      0	     0	0	1	   1.015	  4.482	     345	    1	    1.05	0.95;
	27	2	  106	  22	 0	0	1	   0.968	 -5.956	     138	    1	    1.05	0.95;
	28	1	  29	  12	 0	0	1	   0.96147	 -6.839	     138	    1	    1.05	0.95;
	29	1	  41	  7	     0	0	1	   0.96292	 -6.891	     138	    1	    1.05	0.95;
	30	1	  0	      0	     0	0	1	   0.99153	 -3.546      345	    1	    1.05	0.95;
	31	2	  73	  46	 0	0	1	   0.967	 -6.439	     138	    1	    1.05	0.95;
	32	2	  101	  39	 0	0	1	   0.96872	 -5.386	     138	    1	    1.05	0.95;
	33	1	  39	  15	 0	0	1	   0.97367	 -8.739	     138	    2	    1.05	0.95;
	34	2	  101	  44	 0	0	1	   0.991	 -7.992	     138	    2	    1.05	0.95;
	35	1	  56	  15	 0	0	1	   0.98723	 -7.963	     138	    2	    1.05	0.95;
	36	2	  53	  29	 0	0	1	   0.98693	 -7.815	     138	    2	    1.05	0.95;
	37	1	  0	      0	     0	0	1	   0.99643	 -7.776	     138	    2	    1.05	0.95;
	38	1	  0	      0	     0	0	1	   0.97176	 -5.037	     345	    2	    1.05	0.95;
	39	1	  46	  19	 0	0	1	   0.97263	 -9.578	     138	    2	    1.05	0.95;
	40	2	  34	  39	 0	0	1	   0.97	     -9.742	     138	    2	    1.05	0.95;
	41	1	  63	  17	 0	0	1	   0.96673	 -9.956	     138	    2	    1.05	0.95;
	42	2	  63	  39	 0	0	1	   0.985	 -7.725	     138	    2	    1.05	0.95;
	43	1	  31	  12     0	0	1	   0.98352	 -8.976	     138	    2	    1.05	0.95;
	44	1	  27	  14     0	0	1	   0.98913	 -7.885	     138	    2	    1.05	0.95;
	45	1	  90	  38	 0	0	1	   0.98982	 -6.566	     138	    2	    1.05	0.95;
	46	2	  48	  17	 0	0	1	   1.005	 -3.151	     138	    2	    1.05	0.95;
	47	1	  58	  0	     0	0	1	   1.01882	 -3.482	     138	    2	    1.05	0.95;
	48	1	  34	  19	 0	0	1	   1.02103	 -3.685	     138	    2	    1.05	0.95;
	49	2	  148	  51	 0	0	1	   1.025	 -3.205	     138	    2	    1.05	0.95;
	50	1	  29	  7	     0	0	1	   1.00272	 -4.259	     138	    2	    1.05	0.95;
	51	1	  29	  14     0	0	1	   0.96993	 -5.58	     138	    2	    1.05	0.95;
	52	1	  31	  9	     0	0	1	   0.95996	 -6.167	     138	    2	    1.05	0.95;
	53	1	  39	  19	 0	0	1	   0.94746	 -6.142	     138	    2	    1.05	0.95;
	54	2	  193	  55	 0	0	1	   0.955	 -4.492	     138	    2	    1.05	0.95;
	55	2	  107	  38	 0	0	1	   0.95542	 -4.539	     138	    2	    1.05	0.95;
	56	2	  143	  31	 0	0	1	   0.95671	 -4.744	     138	    2	    1.05	0.95;
	57	1	  20	  5	     0	0	1	   0.97334	 -4.939	     138	    2	    1.05	0.95;
	58	1	  20	  5	     0	0	1	   0.96197	 -5.522	     138	    2	    1.05	0.95;
	59	2	  473	  193	 0	0	1	   0.985	 -5.118	     138	    2	    1.05	0.95;
	60	1	  113	  5	     0	0	1	   0.99328	 -3.126	     138	    2	    1.05	0.95;
	61	2	  0	      0	     0	0	1	   0.995	 -2.397	     138	    2	    1.05	0.95;
	62	2	  131	  24	 0	0	1	   0.998	 -2.859	     138	    2	    1.05	0.95;
	63	1	  0	      0	     0	0	1	   0.97098	 -3.138	     345	    2	    1.05	0.95;
	64	1	  0	      0	     0	0	1	   0.98518	 -2.132	     345	    2	    1.05	0.95;
	65	2	  0	      0	     0	0	1	   1.005	 -0.354	     345	    2	    1.05	0.95;
	66	2	  67	  31	 0	0	1	   1.05	     -1.199	     138	    2	    1.05	0.95;
	67	1	  48	  12	 0	0	1	   1.02022	 -2.756	     138	    2	    1.05	0.95;
	68	1	  0	      0	     0	0	1	   1.00291	 -0.56	     345	    2	    1.05	0.95;
	69	3	  0	      0	     0	0	1	   1.035	  0	         138	    2	    1.05	0.95;
	70	2	  113	  34	 0	0	1	   0.98493	 -5.176	     138	    1	    1.05	0.95;
	71	1	  0	      0	     0	0	1	   0.98685	 -5.998	     138	    1	    1.05	0.95;
	72	2	  0	      0	     0	0	1	   0.98	     -5.29	     138	    1	    1.05	0.95;
	73	2	  0	      0	     0	0	1	   0.991	 -7.175	     138	    1	    1.05	0.95;
	74	2	  116	  46	 0	0	1	   0.958	 -6.439	     138	    1	    1.05	0.95;
	75	1	  80	  19	 0	0	1	   0.97388	 -5.419	     138	    1	    1.05	0.95;
	76	2	  116	  61	 0	0	1	   0.943	 -5.21	     138	    2	    1.05	0.95;
	77	2	  104	  48	 0	0	1	   1.006	 -3.226	     138	    2	    1.05	0.95;
	78	1	  121	  44	 0	0	1	   1.01258	 -3.735	     138	    2	    1.05	0.95;
	79	1	  67	  55	 0	0	1	   1.01625	 -3.86	     138	    2	    1.05	0.95;
	80	2	  222	  44	 0	0	1	   1.04	     -2.803	     138	    2	    1.05	0.95;
	81	1	  0	      0	     0	0	1	   0.99518	 -1.386	     345	    2	    1.05	0.95;
	82	2	  92	  46	 0	0	1	   1	     -4.327	     138	    3	    1.05	0.95;
	83	1	  34	  17	 0	0	1	   0.99536	 -4.25	     138	    3	    1.05	0.95;
	84	1	  19	  12	 0	0	1	   0.98687	 -3.499	     138	    3	    1.05	0.95;
	85	2	  41	  26	 0	0	1	   0.985	 -2.81	     138	    3	    1.05	0.95;
	86	1	  36	  17	 0	0	1	   0.9927	 -0.458	     138	    3	    1.05	0.95;
	87	2	  0	      0	     0	0	1	   1.015	  5.694	     161	    3	    1.05	0.95;
	88	1	  82	  17	 0	0	1	   0.99121	 -3.477	     138	    3	    1.05	0.95;
	89	2	  0       0	     0	0	1	   1.005	 -2.031	     138	    3	    1.05	0.95;
	90	2	  133	  72	 0	0	1	   0.985	 -5.733	     138	    3	    1.05	0.95;
	91	2	  0	      0	     0	0	1	   0.98	     -5.934	     138	    3	    1.05	0.95;
	92	2	  111	  17	 0	0	1	   0.99	     -2.84	     138	    3	    1.05	0.95;
